6x260=[[0, 257]]
1x6=[[0, 260], [1, 260], [4, 260], [5, 260]]
2x261=[[0, 8]]
1x262=[[0, 261], [1, 4]]
1x263=[[0, 261], [1, 7]]
4x266=[[0, 260], [4, 260]]
1x267=[[0, 266], [4, 266]]
1x268=[[0, 262], [1, 262], [6, 262], [10, 262]]
1x269=[[0, 258], [1, 258], [6, 258], [10, 258]]
1x265=[[0, 269], [4, 267]]
1x272=[[0, 268], [4, 267]]
1x256=[[0, 260], [1, 260], [2, 260], [3, 260], [4, 260], [7, 260], [8, 260], [11, 260], [12, 260], [13, 260], [14, 260], [15, 260]]
1x274=[[0, 258], [1, 258], [5, 258]]
1x275=[[0, 262], [1, 262], [5, 262]]
1x271=[[0, 274], [4, 267]]
1x276=[[0, 275], [4, 267]]
4x10=[[0, 1], [1, 1], [4, 1], [5, 1]]
1x5=[[0, 258], [1, 258], [4, 258], [5, 258]]
4x258=[[0, 5]]
1x264=[[0, 260], [1, 262], [2, 260], [4, 260], [5, 262], [6, 260], [8, 260], [9, 262], [10, 260]]
1x277=[[0, 260], [1, 260], [2, 260], [4, 260], [6, 260]]
1x1=[[0, 261], [1, 5]]
